layers:2 coster:<class 'neuNetwork.cross_entropyCoster'>
  0 activation:
  <class 'neuNetwork.signoid'>
  1 activation:
  <class 'neuNetwork.signoid'>
 layer:0
 w:
   0.9699227498343813 0.3788112751425601 0.2494425280075837 0.5568744575308463 
   0.14662702453703547 -0.04922919637085588 0.17162570385615195 -0.007403138503020101 
   0.7834802586042084 0.44841358775889806 0.4910430680631622 0.7767089842972735 
   0.18130922427488427 0.8993950809830642 0.3685641046384316 0.5715260120110844 
 b:
   0.7845193231085804 0.383624051345998 0.23007987302115673 0.06491369903608302 
 layer:1
 w:
   -0.2112134909058414 -0.49786681295098756 0.016350598593437682 
   0.4183506397449891 -0.13489821452189787 -0.27499571713901794 
   -0.20850913019675066 0.36630048596497944 -0.35559696555022535 
   -0.38617923878303373 0.3164188148742846 -0.4018792640287392 
 b:
   -0.058262575667616834 -0.3471712822392443 -0.48664941942315754 
